-6.878640502691268921e-02
3.365283459424972534e-02
2.183515205979347229e-02
9.257088601589202881e-02
1.448189839720726013e-02
-1.171902418136596680e-01
3.734829649329185486e-02
-3.403539583086967468e-02
-4.192938655614852905e-02
-6.282564997673034668e-02
7.888621836900711060e-02
-3.037631697952747345e-02
-2.600648999214172363e-02
-5.970788747072219849e-02
2.156338840723037720e-02
8.092131465673446655e-03
-6.369825918227434158e-03
5.176014080643653870e-02
-1.321514882147312164e-02
-9.064570814371109009e-02
-8.524948358535766602e-02
1.434618532657623291e-01
-3.531266935169696808e-03
-4.985288158059120178e-02
2.024010755121707916e-02
-4.409451410174369812e-02
-1.358469873666763306e-01
3.833515569567680359e-02
-1.470914632081985474e-01
-7.752856612205505371e-02
1.596256047487258911e-01
-1.614574939012527466e-01
-1.577119380235671997e-01
1.617608815431594849e-01
1.544048190116882324e-01
-1.620868891477584839e-01
-1.604917943477630615e-01
1.605791002511978149e-01
-1.629412621259689331e-01
-1.613022685050964355e-01
1.601950377225875854e-01
-1.600645184516906738e-01
1.611188054084777832e-01
1.572751551866531372e-01
1.590914130210876465e-01
-2.451024800539016724e-01
6.356392055749893188e-02
3.452400863170623779e-02
1.324491649866104126e-01
-1.153163909912109375e-01
-2.273604087531566620e-02
-9.461698681116104126e-02
-1.058492213487625122e-01
-1.380733400583267212e-01
6.446268409490585327e-02
-4.931248724460601807e-02
-1.240056566894054413e-02
-1.075758412480354309e-01
3.731327131390571594e-02
-5.131970718502998352e-02
1.024263203144073486e-01
8.683538436889648438e-02
-1.862243562936782837e-01
2.496672421693801880e-01
-8.896954357624053955e-02
3.738145157694816589e-02
-1.880559623241424561e-01
8.896451443433761597e-02
1.934573203325271606e-01
-1.165894120931625366e-01
7.542879879474639893e-02
2.918261587619781494e-01
-1.496762782335281372e-01
1.737897396087646484e-01
2.423160523176193237e-01
-1.098744124174118042e-01
-2.371557056903839111e-01
-2.388837188482284546e-01
-2.446949332952499390e-01
2.385973334312438965e-01
2.397108972072601318e-01
-2.386200726032257080e-01
-2.389292418956756592e-01
-2.392107248306274414e-01
2.409334331750869751e-01
-2.385978698730468750e-01
-2.373459935188293457e-01
2.386509031057357788e-01
2.382847815752029419e-01
2.388899326324462891e-01
-2.386353611946105957e-01
-2.339278757572174072e-01
-8.013094961643218994e-02
-4.570312052965164185e-02
4.805637151002883911e-02
6.688150763511657715e-02
1.025856286287307739e-01
-2.941972925327718258e-04
-4.364779219031333923e-02
3.482598811388015747e-02
-7.377281785011291504e-02
-8.257051557302474976e-02
-9.387935698032379150e-02
4.329470917582511902e-02
4.098076745867729187e-02
6.382477283477783203e-02
-2.219836786389350891e-02
-8.001510053873062134e-02
2.624832838773727417e-02
-1.148662641644477844e-01
8.524102717638015747e-02
-4.570417106151580811e-02
2.225818485021591187e-02
-1.970448493957519531e-01
-7.524213939905166626e-02
-2.946910262107849121e-02
7.940704375505447388e-02
4.808552935719490051e-02
-1.423672586679458618e-01
-9.857501834630966187e-03
8.860576152801513672e-02
2.040381282567977905e-01
1.353908926248550415e-01
-1.353533715009689331e-01
-1.350866854190826416e-01
-1.351542621850967407e-01
1.366464346647262573e-01
1.368855834007263184e-01
1.353786438703536987e-01
1.363383680582046509e-01
-1.337067782878875732e-01
-1.372817307710647583e-01
-1.361964941024780273e-01
1.348897814750671387e-01
-1.363291591405868530e-01
-1.377996802330017090e-01
1.341177374124526978e-01
-1.643666625022888184e-01
3.016738407313823700e-02
-4.914403427392244339e-03
-2.637148648500442505e-02
2.700630284380167723e-04
-1.997152343392372131e-03
4.399091005325317383e-03
-6.918216496706008911e-02
-9.347618371248245239e-02
4.278285801410675049e-02
5.561332404613494873e-02
-7.259625196456909180e-02
6.344820559024810791e-02
-1.255903299897909164e-02
-9.776284545660018921e-02
7.208088040351867676e-02
6.685324758291244507e-02
-1.535204891115427017e-02
-3.294842690229415894e-02
4.622960463166236877e-02
-9.178997576236724854e-02
1.481996197253465652e-02
-9.787873923778533936e-02
4.033132269978523254e-02
-6.242393329739570618e-02
8.517330512404441833e-03
-5.544485524296760559e-02
-1.106313895434141159e-02
1.290168315172195435e-01
-1.612771302461624146e-01
-2.545752935111522675e-02
-8.286020159721374512e-02
-8.199605345726013184e-02
5.015661939978599548e-02
-8.336777985095977783e-02
-9.376963227987289429e-02
8.225549012422561646e-02
-8.291487395763397217e-02
-8.885798603296279907e-02
8.295870572328567505e-02
8.242756873369216919e-02
8.985837548971176147e-02
8.147849142551422119e-02
8.350128680467605591e-02
8.244162052869796753e-02
8.187443017959594727e-02
-4.693956300616264343e-02
-7.614154834300279617e-03
2.752400748431682587e-02
-2.732335031032562256e-02
-3.425575792789459229e-02
-1.234789029695093632e-03
-1.489593368023633957e-02
-3.460551053285598755e-02
-2.534004859626293182e-03
-2.164959348738193512e-02
5.644822958856821060e-03
4.435204714536666870e-02
-3.892362292390316725e-04
1.394800841808319092e-02
-5.768922343850135803e-02
-1.633729599416255951e-02
-3.003502823412418365e-02
1.274557318538427353e-02
-1.508017070591449738e-02
-5.063997581601142883e-03
-2.749139815568923950e-02
3.680643811821937561e-02
-5.316267162561416626e-02
-2.748154290020465851e-02
5.033580213785171509e-02
-3.302553296089172363e-02
3.866181895136833191e-02
2.009012177586555481e-02
1.792812161147594452e-02
-8.170853368937969208e-03
1.297554839402437210e-02
7.378806918859481812e-02
6.873929500579833984e-02
-7.423966377973556519e-02
-7.433152198791503906e-02
7.384368777275085449e-02
-7.486798614263534546e-02
6.905658543109893799e-02
7.292848080396652222e-02
-7.386260479688644409e-02
7.436119765043258667e-02
7.305763661861419678e-02
7.342395931482315063e-02
7.362539321184158325e-02
7.345900684595108032e-02
7.401178032159805298e-02
-2.099165022373199463e-01
-1.798602868802845478e-03
-5.647051334381103516e-02
-1.451876759529113770e-02
-1.828145422041416168e-02
-7.815366610884666443e-03
7.378859817981719971e-02
-3.539895114954560995e-04
-8.750392124056816101e-03
-5.878686206415295601e-04
2.199451811611652374e-02
-8.579644374549388885e-03
2.904431894421577454e-02
1.854536123573780060e-02
1.767238788306713104e-02
-8.663579821586608887e-03
1.742083765566349030e-02
-2.172636985778808594e-02
-1.576930284500122070e-02
-6.095576286315917969e-02
5.397095158696174622e-02
1.638714596629142761e-02
3.789530321955680847e-02
-8.461366593837738037e-02
-2.692408487200737000e-02
-9.541855007410049438e-02
-8.772005885839462280e-02
1.308293193578720093e-01
-5.439921468496322632e-02
-1.462774258106946945e-02
3.410622105002403259e-02
1.397046744823455811e-01
1.778030842542648315e-01
1.746104359626770020e-01
1.776027381420135498e-01
1.776576489210128784e-01
-1.789431124925613403e-01
1.774232387542724609e-01
1.778172403573989868e-01
-1.776764392852783203e-01
1.777419894933700562e-01
-1.775853186845779419e-01
-1.773671060800552368e-01
-1.777312010526657104e-01
-1.306346058845520020e-01
-1.781835556030273438e-01
6.435841321945190430e-02
3.573031425476074219e-01
3.454833924770355225e-01
3.563155233860015869e-01
-3.690161406993865967e-01
3.594006299972534180e-01
-3.481230139732360840e-01
-3.550157845020294189e-01
3.843712508678436279e-01
3.506933152675628662e-01
3.456965684890747070e-01
3.464366495609283447e-01
-3.576679527759552002e-01
3.755625188350677490e-01
-3.555960059165954590e-01
-3.473358750343322754e-01
