1.000000000000000000e+00
9.386562705039978027e-01
9.492051601409912109e-01
1.052818179130554199e+00
1.257042765617370605e+00
1.000000000000000000e+00
1.060966491699218750e+00
9.341560006141662598e-01
9.700621962547302246e-01
1.000000000000000000e+00
1.161634683609008789e+00
8.902676105499267578e-01
1.000000000000000000e+00
1.008419156074523926e+00
1.085025429725646973e+00
1.074967145919799805e+00
1.007269263267517090e+00
1.049267411231994629e+00
9.617992639541625977e-01
9.500305652618408203e-01
1.182507395744323730e+00
1.182329654693603516e+00
1.011290431022644043e+00
1.108527660369873047e+00
9.711974859237670898e-01
9.701011776924133301e-01
8.441372513771057129e-01
1.018765687942504883e+00
8.742495179176330566e-01
1.006087541580200195e+00
9.403445720672607422e-01
1.014536023139953613e+00
9.826340675354003906e-01
1.023978471755981445e+00
1.171079635620117188e+00
1.060609579086303711e+00
8.770660758018493652e-01
1.018723964691162109e+00
9.727589488029479980e-01
1.012307524681091309e+00
1.067440509796142578e+00
9.446907639503479004e-01
8.854606747627258301e-01
1.104410171508789062e+00
9.145327806472778320e-01
9.245977997779846191e-01
9.792330265045166016e-01
9.576596021652221680e-01
1.000000000000000000e+00
1.000000000000000000e+00
8.633767366409301758e-01
1.113716006278991699e+00
1.095723628997802734e+00
1.080749511718750000e+00
1.000000000000000000e+00
9.322983622550964355e-01
1.104961752891540527e+00
8.937579393386840820e-01
9.881522059440612793e-01
1.016623377799987793e+00
9.971191883087158203e-01
9.549103379249572754e-01
9.420604705810546875e-01
1.098971605300903320e+00
1.034151434898376465e+00
1.217569112777709961e+00
1.141287803649902344e+00
9.547044038772583008e-01
8.609579205513000488e-01
9.069154858589172363e-01
1.014122009277343750e+00
8.035640120506286621e-01
9.967017173767089844e-01
1.047717690467834473e+00
1.047329068183898926e+00
1.005120992660522461e+00
1.120804309844970703e+00
9.528327584266662598e-01
1.243041753768920898e+00
1.023316621780395508e+00
9.497203230857849121e-01
1.073329567909240723e+00
1.003980040550231934e+00
1.062733888626098633e+00
9.938544034957885742e-01
1.003924131393432617e+00
9.623284339904785156e-01
1.072089552879333496e+00
9.950444102287292480e-01
1.025770545005798340e+00
9.697117805480957031e-01
1.082471132278442383e+00
9.505264759063720703e-01
1.093116879463195801e+00
9.166685342788696289e-01
1.000000000000000000e+00
1.011994957923889160e+00
1.000000000000000000e+00
1.025602459907531738e+00
1.000000000000000000e+00
1.000000000000000000e+00
1.000000000000000000e+00
1.027724623680114746e+00
1.029829978942871094e+00
1.011279463768005371e+00
9.519966244697570801e-01
8.884744644165039062e-01
9.747666716575622559e-01
9.577036499977111816e-01
1.000000000000000000e+00
9.268448352813720703e-01
9.662907123565673828e-01
8.665999174118041992e-01
9.792408347129821777e-01
1.037504196166992188e+00
1.052833437919616699e+00
1.097216367721557617e+00
1.011966228485107422e+00
1.010149598121643066e+00
1.016855478286743164e+00
1.054651021957397461e+00
9.112095832824707031e-01
9.865816831588745117e-01
1.024260282516479492e+00
8.241186738014221191e-01
9.625928997993469238e-01
1.047362327575683594e+00
1.014418363571166992e+00
9.469154477119445801e-01
1.007184863090515137e+00
9.783676862716674805e-01
9.999178051948547363e-01
1.094208359718322754e+00
1.057153463363647461e+00
1.000546932220458984e+00
1.134576082229614258e+00
8.871347904205322266e-01
9.356698393821716309e-01
9.041547179222106934e-01
9.995260238647460938e-01
1.025971412658691406e+00
9.475295543670654297e-01
1.092207312583923340e+00
1.121249198913574219e+00
9.467263221740722656e-01
9.305356144905090332e-01
1.000000000000000000e+00
1.000000000000000000e+00
1.000000000000000000e+00
1.000000000000000000e+00
1.184202194213867188e+00
1.000000000000000000e+00
1.000000000000000000e+00
1.022619724273681641e+00
9.998347163200378418e-01
9.921741485595703125e-01
1.016305804252624512e+00
9.988853931427001953e-01
1.116123676300048828e+00
1.000502586364746094e+00
9.410938620567321777e-01
1.085483193397521973e+00
9.772071242332458496e-01
9.472800493240356445e-01
9.020250439643859863e-01
1.061459898948669434e+00
1.079606294631958008e+00
1.069601535797119141e+00
8.567651510238647461e-01
1.037009477615356445e+00
1.123244524002075195e+00
1.070335388183593750e+00
1.199071407318115234e+00
1.023913860321044922e+00
9.949232935905456543e-01
1.164905071258544922e+00
1.124925136566162109e+00
9.663426280021667480e-01
1.035125494003295898e+00
1.005072116851806641e+00
1.064843177795410156e+00
1.016018629074096680e+00
8.887075781822204590e-01
8.987604379653930664e-01
1.020133614540100098e+00
1.012934088706970215e+00
9.684643745422363281e-01
9.949299693107604980e-01
1.013140678405761719e+00
9.878121018409729004e-01
1.000476360321044922e+00
1.026050567626953125e+00
9.750525951385498047e-01
9.684343934059143066e-01
1.017664313316345215e+00
1.000000000000000000e+00
1.016215682029724121e+00
9.951339364051818848e-01
1.000000000000000000e+00
1.017703175544738770e+00
1.014174699783325195e+00
9.720758199691772461e-01
1.034516930580139160e+00
1.000334143638610840e+00
9.976337552070617676e-01
9.686353206634521484e-01
9.960103034973144531e-01
1.010690093040466309e+00
1.034850478172302246e+00
1.032801270484924316e+00
9.793474674224853516e-01
1.000658154487609863e+00
1.009589552879333496e+00
9.967623353004455566e-01
9.379623532295227051e-01
9.607023596763610840e-01
9.991331100463867188e-01
1.028977394104003906e+00
9.655817747116088867e-01
1.045622229576110840e+00
9.791171550750732422e-01
9.669041633605957031e-01
1.009096741676330566e+00
1.036115407943725586e+00
9.109062552452087402e-01
9.305968284606933594e-01
9.738008975982666016e-01
9.624638557434082031e-01
9.793935418128967285e-01
1.092758536338806152e+00
9.287451505661010742e-01
1.000000000000000000e+00
1.029304385185241699e+00
1.042916297912597656e+00
1.003985643386840820e+00
1.000000000000000000e+00
9.745814204216003418e-01
1.000000000000000000e+00
1.000000000000000000e+00
1.033843040466308594e+00
1.019135832786560059e+00
9.961053133010864258e-01
9.721210002899169922e-01
9.752814769744873047e-01
1.000000000000000000e+00
1.059708595275878906e+00
9.383333921432495117e-01
1.287920355796813965e+00
9.849643111228942871e-01
9.602509737014770508e-01
9.833314418792724609e-01
1.059843301773071289e+00
1.023503303527832031e+00
9.349772334098815918e-01
1.005582690238952637e+00
1.047399163246154785e+00
1.072315335273742676e+00
9.757685065269470215e-01
1.055966854095458984e+00
1.007809162139892578e+00
1.140547990798950195e+00
9.676737785339355469e-01
1.056004643440246582e+00
1.031759977340698242e+00
1.173284292221069336e+00
1.057949900627136230e+00
9.345079064369201660e-01
9.427098035812377930e-01
9.862155914306640625e-01
9.552962183952331543e-01
9.312530159950256348e-01
9.446327090263366699e-01
1.060760259628295898e+00
1.042835474014282227e+00
1.015625357627868652e+00
8.561143279075622559e-01
7.425477504730224609e-01
9.509864449501037598e-01
9.323025941848754883e-01
1.112210154533386230e+00
1.041159391403198242e+00
1.222923040390014648e+00
9.965555667877197266e-01
8.604986071586608887e-01
1.063273072242736816e+00
1.255733370780944824e+00
8.062265515327453613e-01
1.008842825889587402e+00
1.000000000000000000e+00
1.088607430458068848e+00
1.047484636306762695e+00
