14.154600 179.801900 89.365400 179.782200 88.694000 4.141000
16.652400 69.910100 63.091800 69.904400 62.681600 81.698000
9.014700 89.883900 65.742800 89.878500 65.138500 24.763300
5.767400 179.838500 83.877800 179.834900 82.935600 4.234100
2.415700 134.845000 79.595500 134.841000 79.412100 0.869800
1.455000 179.769200 90.115300 179.762600 89.866100 0.015400
-11.096300 -179.937800 -86.040400 -179.937200 -85.150400 -4.003300
-17.597100 -69.889600 -60.482700 -69.882400 -60.331000 -82.592300
-9.367000 -89.845000 -64.399500 -89.833900 -64.005300 -25.346400
-5.857000 -179.941400 -89.748600 -179.938100 -88.705300 -4.264400
-2.684500 -134.935800 -82.206300 -134.932400 -81.936800 -0.786900
-1.671200 -179.479200 -64.934400 -179.474000 -64.621500 -0.011500
