0.000000000000000000e+00
8.548017940483987331e-04
5.012658834457397461e-01
1.148724436759948730e+00
1.100574445445090532e-05
0.000000000000000000e+00
1.014688014984130859e+00
4.721854254603385925e-02
2.258515834808349609e+00
0.000000000000000000e+00
7.231147028505802155e-03
1.165754496926539149e-36
0.000000000000000000e+00
5.259830951690673828e-01
2.191650629043579102e+00
4.754955321550369263e-02
4.711566865444183350e-02
1.268652319908142090e+00
1.135132431983947754e+00
5.901308059692382812e-01
1.278819441795349121e+00
1.028476953506469727e-01
7.122442126274108887e-02
2.726611196994781494e-01
2.301539659500122070e+00
8.461939096450805664e-01
4.777509570121765137e-01
5.160530805587768555e-01
1.339621283113956451e-02
2.605305314064025879e-01
6.982272267341613770e-01
1.349065184593200684e+00
2.934539876878261566e-02
1.427776813507080078e-01
5.480834096670150757e-02
6.984251141548156738e-01
1.744360029697418213e-01
1.694690227508544922e+00
1.323037594556808472e-01
2.006213903427124023e+00
1.840621352195739746e+00
6.187307834625244141e-01
1.698655039072036743e-01
3.365458846092224121e-01
3.373276293277740479e-01
8.692839741706848145e-01
1.460488326847553253e-02
8.236976265907287598e-01
0.000000000000000000e+00
0.000000000000000000e+00
5.732814222574234009e-02
8.470348119735717773e-01
5.864862799644470215e-01
4.035297930240631104e-01
0.000000000000000000e+00
5.017075538635253906e-01
2.423260450363159180e+00
2.473849654197692871e-01
2.749017477035522461e-01
5.850412417203187943e-04
1.174572946635249225e-36
1.836431911215186119e-04
6.973290443420410156e-01
4.468828439712524414e-01
4.101609066128730774e-02
4.152117967605590820e-01
1.027794957160949707e+00
3.841865236609010026e-06
3.247135579586029053e-01
1.554181933403015137e+00
2.323985993862152100e-01
1.057543777278624475e-04
6.774650216102600098e-01
4.946582019329071045e-01
3.845732212066650391e-01
3.923795819282531738e-01
1.354945600032806396e-01
7.030600309371948242e-01
3.040897250175476074e-01
8.073782920837402344e-01
2.978154718875885010e-01
1.455525636672973633e+00
1.286412835121154785e+00
4.437406659126281738e-01
1.577610224485397339e-01
1.210964918136596680e+00
1.079903766512870789e-01
3.566627502441406250e-01
1.198898077011108398e+00
2.685655355453491211e-01
5.527154803276062012e-01
2.095485925674438477e-01
6.897167861461639404e-02
9.558125734329223633e-01
3.615389168262481689e-01
0.000000000000000000e+00
2.129042387008666992e+00
0.000000000000000000e+00
4.771311879158020020e-01
0.000000000000000000e+00
0.000000000000000000e+00
0.000000000000000000e+00
9.131782501935958862e-02
8.276275545358657837e-02
1.022180438041687012e+00
4.243847131729125977e-01
8.125110529363155365e-03
1.848268806934356689e-01
3.133298754692077637e-01
0.000000000000000000e+00
1.679093003273010254e+00
7.382284998893737793e-01
5.389552712440490723e-01
6.658909916877746582e-01
2.280948162078857422e-01
8.058867454528808594e-01
8.325230479240417480e-01
7.602411508560180664e-01
8.290978670120239258e-01
6.306989789009094238e-01
7.103139907121658325e-02
9.065992780961096287e-04
7.162360548973083496e-01
4.200211763381958008e-01
5.759323388338088989e-02
6.211991906166076660e-01
5.110990405082702637e-01
3.589288098737597466e-03
9.652445316314697266e-01
5.581759214401245117e-01
1.793343782424926758e+00
8.274656534194946289e-01
1.184215843677520752e-01
4.251914620399475098e-01
1.071891427040100098e+00
1.136348098516464233e-01
1.176775544881820679e-01
8.154487609863281250e-02
4.728517495095729828e-03
1.334890425205230713e-01
4.735778085887432098e-03
2.255097925662994385e-01
3.465502262115478516e-01
1.055581867694854736e-01
2.646310091018676758e+00
1.389958262443542480e+00
0.000000000000000000e+00
0.000000000000000000e+00
0.000000000000000000e+00
0.000000000000000000e+00
1.929365657269954681e-02
0.000000000000000000e+00
0.000000000000000000e+00
8.506132364273071289e-01
2.167293876409530640e-01
3.445526957511901855e-02
3.270797803997993469e-02
5.612428067252039909e-04
8.037516474723815918e-01
2.286349423229694366e-02
2.903057038784027100e-01
7.830038666725158691e-02
4.348154664039611816e-01
3.879718109965324402e-02
1.360354851931333542e-02
4.701080322265625000e-01
2.390600740909576416e-01
3.113793581724166870e-02
9.474578499794006348e-02
1.675369143486022949e+00
1.099328771233558655e-01
3.750360012054443359e-02
1.806364506483078003e-01
4.717392474412918091e-02
1.275959610939025879e-01
8.016689866781234741e-02
1.384533286094665527e+00
6.706452369689941406e-02
1.244107484817504883e+00
2.039727449417114258e+00
1.178523246198892593e-02
4.125111699104309082e-01
3.751505613327026367e-01
3.974078595638275146e-01
1.786938905715942383e+00
4.161584079265594482e-01
3.756176680326461792e-02
1.169747278298072281e-36
2.284186780452728271e-01
1.995378136634826660e+00
5.170024037361145020e-01
1.902458190917968750e+00
5.093854665756225586e-01
4.054884612560272217e-01
4.385602474212646484e-02
0.000000000000000000e+00
5.382717847824096680e-01
1.567431986331939697e-01
0.000000000000000000e+00
8.535376787185668945e-01
4.151767492294311523e-01
5.369778275489807129e-01
1.000387966632843018e-02
1.170794418193717501e-36
1.016413979232311249e-02
2.018238544464111328e+00
5.797351002693176270e-01
7.648758888244628906e-01
4.879589378833770752e-02
2.541341781616210938e-01
1.402088046073913574e+00
4.609556496143341064e-01
2.793152034282684326e-01
9.673724770545959473e-01
2.859162390232086182e-01
5.776578783988952637e-01
1.473840594291687012e+00
4.482153654098510742e-01
2.054618299007415771e-01
5.000080466270446777e-01
5.505648851394653320e-01
4.296581447124481201e-01
7.332397103309631348e-01
1.571503654122352600e-02
4.260208085179328918e-02
1.251753326505422592e-02
8.133113980293273926e-01
1.072563648223876953e+00
1.074805781245231628e-01
2.455639187246561050e-04
9.342273324728012085e-02
0.000000000000000000e+00
7.747821807861328125e-01
2.262814342975616455e-01
1.074400916695594788e-01
0.000000000000000000e+00
3.369885385036468506e-01
0.000000000000000000e+00
0.000000000000000000e+00
1.016609072685241699e-01
5.269855260848999023e-01
5.777999162673950195e-01
3.689066320657730103e-02
1.588813320267945528e-04
0.000000000000000000e+00
4.158124029636383057e-01
1.820338070392608643e-01
1.298233564739348367e-05
5.582441091537475586e-01
1.280808806419372559e+00
1.703799962997436523e-01
3.076928260270506144e-05
1.428492963314056396e-01
1.550869107246398926e+00
1.757012128829956055e+00
1.039139747619628906e+00
3.879454359412193298e-02
5.877897143363952637e-01
4.224351048469543457e-01
2.270959466695785522e-01
5.639574527740478516e-01
1.110084176063537598e+00
5.722876787185668945e-01
2.069292366504669189e-01
3.261265754699707031e-01
5.404822528362274170e-02
6.063767075538635254e-01
1.805766224861145020e-01
6.675814390182495117e-01
2.511931657791137695e-01
1.157239377498626709e-01
5.661719441413879395e-01
5.392085950006730855e-05
1.106905221939086914e+00
1.270739883184432983e-01
3.158661723136901855e-01
1.166895624712783563e-36
1.025286912918090820e+00
6.023865342140197754e-01
2.853446640074253082e-02
2.674762487411499023e+00
2.196132540702819824e-01
1.445516049861907959e-01
1.169455449485085852e-36
1.874501705169677734e-01
7.542795538902282715e-01
2.514928951859474182e-02
6.112610548734664917e-02
0.000000000000000000e+00
9.129644930362701416e-02
7.805845141410827637e-01
