0.009174
0.00435008
0.00984597
0.00503737
0.0037457
0.0170152
0.00518885
0.00334224
0.00782472
0.010849
0.00376465
0.00427304
0.00653421
0.00506808
0.0051539
0.00398331
0.00631345
0.00416199
0.00466976
0.00637654
0.00509691
0.00524991
0.00536888
0.00543168
0.00974758
0.015306
0.00645006
0.00670939
0.00509378
0.00602986
0.0114889
0.133951
0.704769
0.895532
0.903539
0.860838
0.991645
0.996376
0.993645
0.996041
0.997382
0.997883
0.9994
0.999705
0.999713
0.99973
0.999848
0.999908
0.999903
0.99983
0.999782
0.999529
0.999658
0.999822
0.99985
0.999543
0.999853
0.999795
0.999886
0.999903
0.99994
0.999729
0.999932
0.999858
0.999938
0.99993
0.999907
0.9998
0.999884
0.999924
0.999921
0.999913
0.999814
0.999902
0.999869
0.999871
0.999875
0.999916
0.99978
0.999683
0.999807
0.999787
0.999874
0.999831
0.999696
0.999427
0.999928
0.999867
0.99988
0.999845
0.999805
0.999763
0.99992
0.999896
0.9997
0.999636
0.999734
0.99968
0.999797
0.99979
0.999479
