1.171986037566228467e-36
8.981888095149770379e-05
8.508122712373733521e-02
7.228028029203414917e-03
3.193928819200664293e-07
1.171986037566228467e-36
2.335307747125625610e-02
1.234102435410022736e-02
7.659373339265584946e-03
1.171986037566228467e-36
3.402901056688278913e-04
1.171380407580334995e-36
1.171986037566228467e-36
1.086985468864440918e-01
3.728118026629090309e-03
2.938827127218246460e-02
3.377414122223854065e-02
1.205638572573661804e-01
6.771514415740966797e-01
5.105957388877868652e-01
3.126704096794128418e-01
2.615948021411895752e-02
7.382114231586456299e-02
4.307883977890014648e-02
1.445750147104263306e-01
7.566955089569091797e-01
5.017476677894592285e-01
3.140290081501007080e-02
6.774014793336391449e-03
2.033036351203918457e-01
9.694170355796813965e-01
3.336172699928283691e-01
3.797335177659988403e-02
1.462492346763610840e-01
1.022653467953205109e-02
3.344331681728363037e-01
1.903755366802215576e-01
4.945169389247894287e-01
6.614574193954467773e-01
5.774973630905151367e-01
9.639443159103393555e-01
8.929711580276489258e-01
6.484827399253845215e-02
5.042871236801147461e-01
2.154491096735000610e-01
8.133558928966522217e-02
1.708280877210199833e-03
2.824833150953054428e-03
1.171986037566228467e-36
1.171986037566228467e-36
9.037841111421585083e-03
1.164921093732118607e-03
8.193474262952804565e-03
4.554450977593660355e-03
1.171986037566228467e-36
1.122155487537384033e-01
1.298047485761344433e-03
5.434504523873329163e-02
4.156652837991714478e-02
2.165240221074782312e-05
1.175368794479884004e-36
1.767087996995542198e-05
1.990609019994735718e-01
1.390927881002426147e-01
4.834957048296928406e-02
1.053078532218933105e+00
3.753319978713989258e-01
2.644242727001255844e-07
2.291804254055023193e-01
3.433963954448699951e-01
1.551337242126464844e-01
1.892524596769362688e-05
3.911111950874328613e-01
1.591989696025848389e-01
3.279312849044799805e-01
2.402083128690719604e-01
1.363198906183242798e-01
8.372180461883544922e-01
1.336891949176788330e-01
4.585718810558319092e-01
3.042685687541961670e-01
9.322969913482666016e-01
4.510324597358703613e-01
2.639963924884796143e-01
5.665077641606330872e-02
7.167896628379821777e-01
2.035498023033142090e-01
3.093938827514648438e-01
9.027176499366760254e-01
4.780240356922149658e-01
2.796201407909393311e-01
3.387714624404907227e-01
1.072786096483469009e-02
1.985221868380904198e-03
3.225255757570266724e-02
1.171986037566228467e-36
3.764271736145019531e-02
1.171986037566228467e-36
4.960050433874130249e-02
1.171986037566228467e-36
1.171986037566228467e-36
1.171986037566228467e-36
1.731868088245391846e-02
9.048542939126491547e-03
1.948617957532405853e-02
5.868814140558242798e-02
2.881556574720889330e-04
7.912217080593109131e-02
1.063188835978507996e-01
1.171986037566228467e-36
3.045929074287414551e-01
5.879452228546142578e-01
1.493396461009979248e-01
4.808071255683898926e-01
1.568565070629119873e-01
4.321625232696533203e-01
6.079593300819396973e-01
7.015339136123657227e-01
4.858282804489135742e-01
2.138618081808090210e-01
5.754743888974189758e-02
2.164154866477474570e-04
1.874288469552993774e-01
2.647288143634796143e-01
3.790173679590225220e-02
3.781303763389587402e-01
2.060749232769012451e-01
1.291009248234331608e-03
6.041845083236694336e-01
3.037749826908111572e-01
3.097151815891265869e-01
4.607978463172912598e-01
5.463638901710510254e-02
3.524102270603179932e-01
6.300508975982666016e-01
5.179547145962715149e-02
7.969520986080169678e-02
1.485621184110641479e-01
1.030559418722987175e-03
2.019672282040119171e-02
7.024101214483380318e-04
4.637292772531509399e-02
4.303434118628501892e-02
1.683878898620605469e-02
8.203066140413284302e-02
2.511490508913993835e-02
1.171986037566228467e-36
1.171986037566228467e-36
1.171986037566228467e-36
1.171986037566228467e-36
3.589993109926581383e-03
1.171986037566228467e-36
1.171986037566228467e-36
5.125153660774230957e-01
9.785903990268707275e-02
3.412992507219314575e-02
9.675355628132820129e-03
4.735529000754468143e-05
1.942029893398284912e-01
7.638501934707164764e-03
1.167209148406982422e-01
7.458360493183135986e-02
2.037503421306610107e-01
1.249469257891178131e-02
8.655060082674026489e-03
2.982614338397979736e-01
6.777088344097137451e-02
6.524106021970510483e-03
1.432133913040161133e-01
3.347374200820922852e-01
1.249625682830810547e-01
5.051707848906517029e-02
1.579252779483795166e-01
8.868130296468734741e-02
1.490744203329086304e-01
3.101276233792304993e-02
5.591820478439331055e-01
3.034107387065887451e-01
3.167383074760437012e-01
4.471811056137084961e-01
2.199987415224313736e-03
2.995716333389282227e-01
2.260091453790664673e-01
1.067651137709617615e-01
2.474269270896911621e-02
1.166569888591766357e-01
8.881652727723121643e-03
1.169315723212611095e-36
2.052978612482547760e-02
5.570570379495620728e-02
1.128616370260715485e-02
2.409203723073005676e-02
4.070719331502914429e-02
8.707878738641738892e-02
5.762058310210704803e-03
1.171986037566228467e-36
9.962164610624313354e-02
2.951631508767604828e-02
1.171986037566228467e-36
3.176334798336029053e-01
2.330586314201354980e-01
2.152355462312698364e-01
5.417513661086559296e-03
1.174845672947569978e-36
3.173887962475419044e-03
4.296244382858276367e-01
2.897061407566070557e-01
5.003197193145751953e-01
1.676090247929096222e-02
9.994851052761077881e-02
6.396627426147460938e-01
2.682618498802185059e-01
1.588538438081741333e-01
6.874691247940063477e-01
2.647333741188049316e-01
4.328252077102661133e-01
6.048049330711364746e-01
3.799905180931091309e-01
3.067144155502319336e-01
4.944483041763305664e-01
3.563974797725677490e-01
3.012257814407348633e-01
4.213032424449920654e-01
1.054695993661880493e-02
1.865341700613498688e-02
5.972712766379117966e-03
2.859154045581817627e-01
6.804230809211730957e-01
8.262962102890014648e-02
8.062566485023126006e-05
3.449594136327505112e-03
1.171986037566228467e-36
1.071957126259803772e-01
6.068435311317443848e-02
2.272103540599346161e-02
1.171986037566228467e-36
5.326679348945617676e-02
1.171986037566228467e-36
1.171986037566228467e-36
2.056326158344745636e-02
1.046629548072814941e-01
1.143856421113014221e-01
2.246513497084379196e-03
1.055387474480085075e-05
1.171986037566228467e-36
1.675794273614883423e-01
1.669439226388931274e-01
9.796576705412007868e-06
4.880270063877105713e-01
3.854069709777832031e-01
1.620080769062042236e-01
3.110629450020496733e-06
3.111698850989341736e-02
6.129723191261291504e-01
3.120824992656707764e-01
9.225620031356811523e-01
9.843462146818637848e-03
2.522423267364501953e-01
1.588340550661087036e-01
1.054107248783111572e-01
1.872115582227706909e-01
1.171061873435974121e+00
2.282158285379409790e-01
1.651804596185684204e-01
1.504225879907608032e-01
1.452411524951457977e-02
4.636911153793334961e-01
1.371790170669555664e-01
2.761380076408386230e-01
1.428134590387344360e-01
8.692508935928344727e-02
5.579427480697631836e-01
9.723998118715826422e-06
2.965742051601409912e-01
6.596157699823379517e-02
1.055581495165824890e-01
1.174519585189727736e-36
1.801280379295349121e-01
1.265884041786193848e-01
4.303649440407752991e-02
1.407314836978912354e-01
3.892748951911926270e-01
3.841193765401840210e-02
1.171950702424152052e-36
5.783208832144737244e-02
1.501146703958511353e-01
3.787224367260932922e-02
8.680425584316253662e-02
1.171986037566228467e-36
7.066742330789566040e-02
5.499174594879150391e-01
